-1.85728 -1.46113 -1.09149 -0.19935 -0.541187 2.33309 -3.3004 -3.71584 0.396648 1.81843 -1.8483 1.67411 0.544628 1.29064 -0.156891 1.2043 1.84919 0.141189 0.936531 -2.53895 2.08866 -1.47752 0.989487 -3.91665 -0.843737 0.876941 0.784924 -0.392758 -0.721438 -5.60084 -2.19491 12.025 2.99945 1.51026 -1.95423 -1.99742 0.279268 3.11363 6.65357 0.233352 -1.56615 3.50602 -5.87235 -1.31665 -3.47494 0.19305 -4.28079 -6.2419 5.51552 -5.88227 -2.12453
-1.85728 -1.46113 -0.19935 -1.09149 -0.541187 2.33309 -0.600693 -1.85509 0.396648 1.81843 -1.8483 1.67411 0.544628 1.29064 -0.156891 1.2043 1.84919 0.328862 0.936531 -4.27397 2.08866 -1.47752 0.989487 -3.91665 -0.508002 0.165699 0.784924 -0.392758 -2.45729 -5.03939 -3.36147 11.3489 2.61244 1.51026 2.62855 -1.08027 1.02727 -2.65597 3.59136 1.22079 -1.46978 -2.61208 0.940205 0.0815936 -1.45425 -1.71354 2.05785 2.1217 -10.0432 -3.71928
-1.85728 -0.19935 -2.23133 -2.14627 -0.541187 2.33309 -0.600693 -1.85509 0.396648 1.81843 -1.8483 1.67411 0.544628 1.29064 -0.156891 1.2043 1.84919 0.328862 0.936531 -2.58762 2.08866 -1.47752 0.989487 -2.27105 -3.25074 -0.0606829 0.0938479 -0.392758 -2.45729 -5.68416 -3.56253 3.09055 -0.385983 0.0470564 2.99565 -1.00297 3.7684 0.0369988 2.44449 -5.76951 -0.943879 -1.65626 2.68652 0.648563 3.2423 0.678546 -3.10089 -2.23635 -3.18663
-1.85728 -0.19935 -1.31729 -3.07084 -0.541187 -0.600693 2.33309 -1.85509 0.0905882 1.87265 -1.75697 1.67411 0.544628 1.29064 0.581547 1.2043 1.84919 0.328862 0.936531 -2.5576 2.08866 -0.153161 0.989487 -2.48436 -3.25074 -0.0606829 -0.224544 -0.392758 -1.33664 -4.7116 -0.946735 -2.83668 4.99607 0.0143069 0.353585 3.01925 2.28743 0.112635 1.84784 3.21216 -0.22653 4.03491 -0.229033 -3.1527 1.38723
-1.85728 -0.19935 -1.31729 -0.459419 -3.07084 -1.72877 2.33309 -2.26754 0.0905882 1.87265 -1.75697 1.67411 0.544628 1.29064 0.581547 1.15101 1.84919 0.328862 0.936531 -3.0521 2.08866 -0.444628 0.989487 -1.6677 -0.653187 -3.25074 0.209172 -0.392758 -2.92297 -1.74637 4.44959 1.83212 -3.60052 -1.02808 -4.08836 3.40773 1.33113 0.523109 3.46023 2.68206 -0.153726 -3.93099 2.4867
-1.85728 -0.19935 -0.428336 -0.459419 -2.27615 -1.72877 2.33309 -4.23324 0.254278 -1.75697 1.87265 1.67411 0.544628 1.29064 0.581547 1.10896 1.84919 0.328862 0.936531 -2.02241 2.08866 -0.444628 1.05357 -0.953071 -0.653187 -3.34922 -0.576276 -0.720657 1.94392 -4.42649 -0.0612613 3.74599 -8.17549 2.61976 -0.0392692 -8.77574 -0.748733
-1.85728 -0.19935 -0.111276 -0.459419 -0.974849 -1.9674 2.33309 -4.27775 0.0138253 -1.75697 1.87265 1.67411 0.544628 1.29064 0.581547 1.10896 1.84919 0.328862 0.936531 -2.44524 2.08866 -0.444628 -0.0097747 0.475846 -1.33454 -3.62236 3.92367 -2.63119 -0.39803 -3.52876 0.138902 0.757411 0.269611 0.939299 3.67617
-2.02289 -0.19935 -0.111276 -0.459419 -2.47914 -1.20808 2.33309 -5.00284 0.158424 -1.63832 1.87265 1.67411 0.599895 1.29064 1.10896 0.515939 1.84919 0.328862 0.936531 -2.44524 2.20799 -0.0518568 -3.50566 5.94845 1.8369 1.8192 -1.57416 4.00783 -1.47131 4.62362 3.45393 -0.918685 0.270102 -11.0025
-2.02289 -0.486997 -0.111276 -1.19382 -0.459419 -1.00039 2.33309 -4.58403 0.158424 -1.86228 1.82904 1.67411 0.599895 1.29064 1.10896 0.418759 1.84919 0.328862 0.936531 -2.00008 2.20799 -0.241782 1.82342 0.168502 0.267551 1.7326 -1.78287 -0.0229434 -5.87946 1.6745 -1.26728 -0.276545 0.328942 0.100572 3.84268 -0.0278538
-2.02289 -0.486997 -0.111276 -0.250653 -1.19382 -1.2396 2.33309 -3.87255 0.117245 -2.06944 1.82904 1.67411 0.599895 1.29064 1.10896 0.418759 1.84919 0.328862 0.936531 -2.79815 2.20799 -0.711354 2.55751 -0.190544 1.00598 3.74847 -2.00269 2.33094 1.27957 -2.85057 1.78118 3.48303 5.58047 -0.772343 0.219906
