52 4 0 68 76 122 11 8 28 106 86 30 105 176 16 17 39 27 65 0 3 2 2 0 1 4 0 0 1 0 0 0 0 1 0 0 0 0 0 0 0 0 0 0 0 0 0 0 0 0 0 1050
42 6 69 0 67 127 12 16 20 101 92 19 115 182 14 17 41 27 70 0 3 4 1 0 0 3 0 0 1 0 1 0 0 0 0 0 0 0 0 0 0 0 0 0 0 0 0 0 0 0 1050
41 65 6 0 63 125 11 18 23 102 100 25 108 190 14 20 35 25 67 1 2 0 1 2 0 3 0 2 1 0 0 0 0 0 0 0 0 0 0 0 0 0 0 0 0 0 0 0 0 1050
45 67 6 0 56 4 122 18 17 104 96 18 104 175 25 34 36 28 79 4 3 1 2 0 0 2 1 3 0 0 0 0 0 0 0 0 0 0 0 0 0 0 0 0 0 1050
55 64 6 59 0 3 121 15 30 111 92 9 92 171 33 36 34 23 81 5 3 1 2 1 2 0 0 1 0 0 0 0 0 0 0 0 0 0 0 0 0 0 0 1050
63 59 3 53 0 4 124 12 25 93 100 11 111 189 31 52 32 14 60 5 6 0 1 0 1 1 0 0 0 0 0 0 0 0 0 0 0 1050
54 60 3 62 1 1 124 14 26 104 100 11 108 191 26 47 40 11 58 3 5 0 1 0 0 0 0 0 0 0 0 0 0 0 0 1050
52 66 4 50 1 0 129 10 29 118 96 8 113 171 49 25 44 13 60 4 6 2 0 0 0 0 0 0 0 0 0 0 0 0 1050
46 79 4 2 36 0 124 18 21 116 104 6 114 167 44 25 50 15 68 4 5 0 0 2 0 0 0 0 0 0 0 0 0 0 0 0 1050
42 76 5 45 2 0 128 18 22 112 95 3 118 184 44 25 36 18 58 10 6 0 0 2 0 0 0 1 0 0 0 0 0 0 0 1050
