0.0465229 0.000994307 0.0018862 0.0664062 0.0729392 0.125061 0.012282 0.0103324 0.0220331 0.100247 0.0993425 0.024562 0.0999215 0.155939 0.0112051 0.0212857 0.0400226 0.0243416 0.0528435 1.01471e-05 0.00226524 0.00203087 0.000435194 0.00211926 0.000240609 0.00255226 0.000487329 1.49377e-05 0.000427306 0.000146079 1.2527e-05 7.96004e-05 0.000256724 0.00027206 1.31751e-05 2.46638e-05 0.000113111 3.95701e-05 2.50724e-06 3.83286e-05 5.62409e-05 2.79639e-05 2.95245e-05 3.77953e-05 1.27204e-05 3.51933e-05 4.73092e-06 3.01971e-06 9.26141e-06 9.43819e-07 3.00089e-06
0.0433887 0.00546288 0.0620472 7.23462e-05 0.0641096 0.111852 0.012586 0.0135947 0.0286638 0.0902615 0.0824748 0.0271997 0.101946 0.180686 0.0123709 0.0174587 0.042741 0.024959 0.0680747 0.000340028 0.00131858 0.00282258 0.000197708 0.000416804 0.00155872 0.0018431 2.8087e-05 5.75866e-05 0.000438912 0.000377192 0.000312797 6.76195e-05 2.41239e-05 8.23029e-05 5.86922e-05 1.90058e-05 1.51309e-05 2.21643e-05 1.20557e-05 1.16899e-05 1.07346e-07 3.6452e-06 5.00796e-06 2.06745e-06 2.17481e-06 1.7667e-06 2.46255e-06 2.49234e-06 1.40683e-06 1.65632e-06
0.0367947 0.067082 0.00729675 0.000187687 0.0631649 0.119984 0.00888837 0.0221215 0.0152353 0.107607 0.0997916 0.012083 0.108036 0.163887 0.0153561 0.0148184 0.0325963 0.0226075 0.0726684 0.000350558 0.00172084 0.00112079 0.000739687 0.00107926 0.000201343 0.00267529 0.000813162 0.000199911 0.000446844 2.3306e-05 8.31659e-05 4.96454e-05 5.81859e-05 8.33589e-06 3.10052e-05 1.06331e-05 2.59624e-05 2.0299e-05 1.68012e-05 1.53684e-05 2.86282e-06 2.32975e-05 1.30249e-05 1.86844e-06 1.4483e-06 8.773e-06 1.5621e-05 2.86804e-06 5.56559e-06
0.0488438 0.0600029 0.01018 0.000210212 0.0524546 0.00677323 0.110874 0.0189153 0.0234935 0.0968176 0.0897835 0.0253964 0.106248 0.17838 0.0170529 0.0233637 0.0291491 0.0220082 0.069818 0.00192695 0.0018686 0.000499713 0.00112859 0.00143172 0.000309012 0.000952029 0.000372695 0.000977086 0.000325798 0.000141685 1.63887e-05 0.000109916 4.83822e-05 1.94804e-05 1.3098e-05 2.17495e-05 1.23985e-05 2.88818e-05 1.11403e-05 8.47988e-06 6.44483e-08 6.52951e-07 1.64546e-06 1.03485e-06 3.46761e-06
0.0566233 0.0704263 0.00533028 0.0549304 0.000602135 0.00384994 0.0988062 0.0170585 0.0315379 0.093751 0.0805673 0.0131863 0.0900526 0.161061 0.0340774 0.0290535 0.0368219 0.0270493 0.0744896 0.00497662 0.00335458 0.00476137 0.00190349 0.00102559 0.000878456 0.000424422 0.000181621 0.00139371 0.000239883 0.000185191 0.000467582 2.94191e-05 0.000221989 7.43975e-05 2.24789e-05 2.00279e-05 0.000426573 1.73995e-05 4.64945e-05 7.86244e-07 3.18412e-06 1.91123e-05 2.52181e-05
0.0500712 0.0743245 0.0034116 0.0533367 0.00084627 0.00406126 0.120499 0.0130757 0.0268756 0.091157 0.0898695 0.0135741 0.105535 0.157869 0.0316528 0.0437307 0.0237412 0.0158994 0.0653384 0.00220699 0.00432083 0.00146135 0.00167215 0.000545979 0.00351084 0.000511651 0.000112418 0.000176188 0.000130952 0.000330485 1.47404e-05 4.28186e-05 1.11559e-05 1.61589e-05 1.43897e-05 1.55253e-05 2.65478e-05
0.0564991 0.0531382 0.00248598 0.0644468 0.00126262 0.00415158 0.100301 0.0110033 0.0292754 0.0874011 0.0935295 0.0131039 0.102204 0.180534 0.0363136 0.0510697 0.0348117 0.00999189 0.0565071 0.00345527 0.0048861 0.00035096 0.000569919 0.000101731 0.00063365 0.000572358 0.000380714 0.000527102 0.00012358 6.19216e-05 2.07578e-05 5.3458e-05 9.76065e-05 5.63349e-05 4.07355e-05
0.0494106 0.0598179 0.0038818 0.0613837 0.00158281 0.00143685 0.118101 0.019069 0.0271396 0.109099 0.100167 0.00957981 0.0996598 0.143226 0.0506675 0.0222528 0.0427504 0.0107593 0.0575841 0.00548287 0.00486674 0.00121333 0.000636054 0.000129407 1.36533e-06 5.17007e-06 1.21311e-05 3.60328e-05 4.9685e-06 1.21942e-06 1.90362e-05 2.15609e-06 6.3621e-06 8.69683e-06
0.0456379 0.0696605 0.0048575 0.00152387 0.0421883 0.00154942 0.113574 0.0166073 0.0187702 0.0896486 0.0983414 0.0101614 0.119167 0.174786 0.0466858 0.0242703 0.0451166 0.0109627 0.0545996 0.00256969 0.00477106 0.00166834 0.000223708 0.000644133 0.000530348 0.000310085 5.25153e-05 0.000539876 0.00038236 1.42811e-05 5.56973e-06 2.4639e-05 1.49014e-06 1.1614e-07 5.5427e-05 2.90736e-05
0.0441235 0.08065 0.00759321 0.0377484 0.00384474 0.000315408 0.111568 0.0182968 0.0169728 0.117235 0.0988152 0.00528294 0.0968056 0.144452 0.0428897 0.0266491 0.0382377 0.0219481 0.0653258 0.0101957 0.00790546 7.072e-05 0.000666412 0.000931029 0.000260387 0.000154239 0.000561055 0.000166202 0.000189329 3.54617e-05 4.90511e-06 1.98479e-05 1.31881e-05 4.74637e-06 4.99683e-06
