1050
5
Variable1
Variable2
Variable3
Variable4
Variable5
1
FixedEffects1
2 2 3 3 4
9 1 1 0 1 2 -1.845636 0.9384288
14 0 1 0 1 0 -0.3226837 1.099833
9 0 1 1 1 0 0.5573382 1.005094
11 0 1 0 0 0 0.5089812 1.051134
8 0 0 0 1 0 1.719634 1.064236
10 0 0 0 2 2 0.2413359 0.9963181
12 1 1 2 1 3 0.9204055 1.030967
13 0 1 0 0 3 -0.38398 1.013364
5 0 1 0 2 1 1.089632 0.9959335
8 1 1 0 2 3 -0.3866535 0.9185607
7 0 0 0 0 3 -1.255529 1.071805
10 0 1 0 2 2 0.4368204 0.9335168
7 0 1 1 1 3 -0.3046041 0.9937346
11 0 1 0 2 2 0.5671545 0.9179653
7 1 0 0 2 3 -0.07961403 1.018627
10 0 1 0 2 3 -1.608027 1.002488
11 0 1 0 1 0 0.05396839 0.912459
9 0 1 0 1 1 -0.07169916 0.9743133
12 0 1 0 2 2 -0.2214597 1.031709
7 0 1 0 2 1 -0.88022 0.9063306
8 1 1 0 0 0 -1.081457 0.9974666
17 0 1 1 2 3 -1.101571 1.096359
9 1 1 2 2 1 -1.2435 0.9870242
13 0 1 2 1 2 -1.220182 1.076166
18 0 1 0 2 0 -0.31713 1.076942
9 0 0 0 2 3 0.4914851 1.029359
17 0 1 0 1 1 0.8493549 1.066498
10 0 1 0 2 1 0.5606888 1.080963
13 0 1 2 1 2 0.08575747 0.9129084
8 0 0 0 0 1 -0.5866603 1.081668
17 0 1 0 1 3 1.302445 0.9150139
12 0 1 0 0 3 -2.427463 0.982777
12 1 0 0 2 1 -0.6917743 0.9840769
7 0 0 2 0 3 0.3393057 1.073984
19 0 1 1 1 3 0.1972393 1.090815
9 0 1 2 2 2 -0.005361051 1.02923
11 1 1 0 1 3 0.7803924 0.9815471
7 0 1 1 0 0 0.6931975 0.9588659
15 0 1 1 1 3 -0.6284229 1.083002
10 1 1 1 0 2 0.254707 0.9724573
10 0 1 0 1 2 1.410715 1.072393
5 0 0 0 2 2 1.110921 1.011689
9 0 1 1 1 2 -0.6017746 0.9118682
10 1 1 2 2 1 -0.664948 0.9040233
7 0 1 1 2 3 -0.3782212 0.9415521
9 1 1 1 1 2 -0.3395912 1.034276
12 1 0 2 1 2 0.02160577 0.9982322
8 0 1 1 2 0 0.6344639 0.9211422
14 1 1 0 0 3 0.8141053 1.067624
6 0 1 0 2 3 -1.668042 0.9231637
7 0 1 1 2 0 -0.07710051 0.9367888
12 0 1 0 1 3 1.023242 1.075206
9 0 1 0 0 1 -0.6136834 1.037022
10 0 1 0 2 2 0.03318494 0.9528883
7 0 1 0 1 3 0.2915073 0.9366584
4 0 0 0 2 0 -0.8700231 1.048098
13 1 0 2 1 0 1.286854 0.9719335
11 0 0 1 0 3 -0.09757847 0.9481658
10 0 1 1 0 2 -0.3693851 0.9890315
6 0 1 0 1 0 0.9325014 1.000396
8 0 1 0 1 3 0.01538234 0.9656127
12 0 1 2 2 3 1.289582 1.093076
12 1 1 1 1 2 1.593942 1.096442
16 1 1 0 2 3 0.5211316 1.05434
7 0 0 0 1 2 0.4846308 1.010544
12 0 1 0 0 2 1.830375 0.9434628
9 1 1 2 1 2 0.5708068 1.008304
4 0 1 1 1 0 1.032028 0.9268993
9 0 0 2 0 0 -0.2348183 1.038119
9 0 1 0 0 0 -0.4206856 0.940386
16 0 1 1 2 3 -1.226081 0.9649413
10 0 1 0 1 2 -0.4594641 1.009186
14 1 1 2 1 2 0.5270887 1.035575
9 0 1 0 1 3 0.5978977 1.047674
10 0 0 0 1 1 -0.4880169 0.9622425
14 0 0 0 1 0 -0.3577917 1.099083
21 1 1 0 2 3 -0.4513913 1.093156
11 0 1 0 1 3 1.029996 0.9427704
9 0 1 0 0 0 -0.8933961 0.9226152
6 0 0 2 1 3 -1.883227 0.9784691
6 0 1 0 0 2 -0.1991939 1.07175
4 0 0 1 0 0 -1.762345 0.9273031
11 0 0 2 0 0 0.1939549 0.9640757
11 0 1 1 1 2 -0.4697399 0.9100097
10 0 1 1 2 1 -0.6325571 1.024152
6 1 1 0 0 3 -1.725886 0.916083
11 0 1 0 1 0 -2.046737 0.901649
14 1 1 2 0 3 0.6646351 1.058398
15 0 1 0 0 0 -1.466877 0.9136597
10 0 1 1 1 2 -0.396934 1.075653
8 0 1 0 1 3 -0.7924521 0.9511754
9 0 1 1 1 0 -0.09768561 0.9625148
15 0 1 2 0 0 1.88292 1.092709
13 0 1 1 1 1 0.8610714 1.005676
10 0 1 0 1 1 -0.4249419 1.035996
6 0 1 1 0 2 -0.4121304 1.012954
14 1 1 0 1 2 0.6034797 1.070446
11 1 1 0 0 3 0.9695378 0.9713283
11 1 1 2 1 2 1.263194 0.9366002
7 0 0 0 1 0 0.09338076 0.9383836
10 0 0 0 1 1 -0.3283389 0.9809242
7 0 1 0 2 0 0.6400876 1.083018
12 0 0 2 2 2 -1.567639 1.064587
8 0 1 2 1 3 -0.7333739 0.9141232
12 1 1 0 2 0 0.4646765 1.038958
9 0 1 0 2 3 -0.5241743 0.9423807
11 0 1 0 0 0 0.5433234 1.090357
10 1 1 0 2 0 -0.665845 0.9834667
9 0 1 2 2 1 -0.8192152 0.9741006
10 0 1 1 2 2 1.039666 0.916391
7 0 1 0 0 1 -1.276651 1.086894
15 0 1 0 0 3 -1.12015 0.9545651
8 0 1 0 2 0 0.1524387 0.9051115
17 0 1 0 2 1 1.464603 1.056549
8 0 1 0 0 3 -2.148944 1.075723
14 0 1 0 0 3 -1.220401 1.044728
8 1 1 0 1 1 -1.265023 1.019584
8 0 1 2 1 1 -0.2932323 0.9189528
6 0 0 0 2 2 -0.4480796 1.009563
8 0 1 2 1 3 1.789725 1.002471
11 0 1 0 2 0 -0.8279859 0.9258713
11 0 0 0 1 3 2.439315 1.007909
21 1 1 2 2 2 0.5213372 1.052085
10 0 1 1 0 3 -1.081263 0.9881628
9 0 0 2 0 2 -0.6944685 1.0088
8 1 1 1 1 1 -0.143767 1.038231
9 0 1 0 1 0 -0.3232085 1.039852
12 0 0 1 2 3 0.8900531 0.9143986
11 1 0 1 2 3 0.9653106 1.020068
7 0 1 0 0 1 -0.5792304 1.039998
15 0 0 0 2 2 -1.307811 0.9756785
8 0 1 1 1 1 0.7286963 1.080934
9 0 1 0 2 2 0.8884219 1.051317
20 0 1 0 2 1 -0.08745063 1.066647
14 0 1 0 1 2 -1.836792 1.069181
12 0 1 1 1 2 0.781318 0.9582239
14 0 1 1 1 3 -0.007240176 1.07729
11 0 0 0 2 3 0.6243555 0.9309632
13 0 1 0 1 1 0.005375939 1.031511
6 1 1 1 1 2 -0.8777723 0.9434293
4 0 0 1 0 3 -1.021998 0.9654395
7 0 1 0 1 2 0.4209619 0.9741847
5 0 0 2 0 0 -0.416488 0.9236147
4 1 1 2 0 1 1.187796 0.9905819
8 1 1 0 0 1 0.7389028 0.9522323
11 1 1 1 1 2 -1.346852 1.047115
13 0 1 0 1 2 -1.815157 1.052971
11 1 1 0 1 1 -1.080283 0.9630371
12 0 1 0 1 1 -1.509376 1.060443
9 0 1 2 2 3 0.5832367 1.023118
4 0 0 2 2 1 0.2344837 0.9385819
3 0 0 0 2 3 -0.6244218 0.9055937
7 0 0 0 0 0 1.171938 1.002629
2 0 0 0 1 3 -1.349689 0.9207816
2 0 0 2 0 2 0.155776 0.9642426
5 0 0 2 0 2 1.209295 0.9078354
1 1 0 1 2 1 -1.708994 0.9194333
11 0 0 0 0 2 1.124563 0.9081312
4 1 1 0 0 0 0.6602569 0.9458678
6 1 0 0 1 3 -0.7392374 1.058999
5 0 0 0 0 3 -1.258471 1.057865
5 0 0 1 2 1 -0.8072171 1.017152
5 0 0 1 0 1 1.465646 0.9735204
3 0 0 0 2 2 -1.084802 0.9113171
4 0 0 0 0 2 -0.1219428 0.9934821
5 0 0 0 0 0 -0.8014423 0.9675449
6 0 0 0 1 0 0.07304885 0.9776505
5 0 0 0 0 0 -0.7381573 0.9392467
4 0 0 0 0 0 0.1064135 0.9230787
5 0 0 0 1 0 -1.02324 0.9887207
5 0 0 0 1 3 -0.1712902 0.910636
3 0 0 0 2 1 -0.7093252 1.008599
4 1 0 0 2 0 1.126886 1.045086
6 1 0 0 2 3 0.01114726 1.085017
3 0 1 0 2 0 0.8405803 0.9666424
8 0 0 0 0 2 -0.5676864 0.9181926
4 0 0 0 1 2 1.851589 0.9520256
3 1 0 1 0 3 -0.5009914 0.9306704
7 0 0 0 1 1 1.385974 1.020652
9 0 0 2 0 0 1.377556 1.092256
3 0 0 0 1 2 -1.208523 1.008086
6 0 1 0 0 2 -0.394441 1.081068
5 1 0 2 1 0 0.7789564 1.09697
6 0 0 0 2 3 -1.198267 0.9315942
10 0 0 0 1 2 -1.951279 1.01979
8 0 0 1 0 3 1.534738 1.051603
5 0 0 1 0 1 -0.04425091 1.086111
6 0 0 0 0 2 0.1781967 0.9094694
1 0 0 0 0 2 1.073895 1.02413
4 0 0 2 0 3 0.5030409 1.040734
5 0 0 2 0 0 1.61243 1.029993
5 0 0 0 2 0 -1.533365 1.018256
4 0 0 0 0 3 -1.644656 1.005262
4 0 0 0 0 1 -2.063961 1.077844
4 0 0 2 1 1 0.7037806 1.017422
10 0 0 2 2 1 -0.9450874 1.05509
10 0 0 2 2 3 1.451892 1.014024
1 0 0 0 0 0 0.5905806 1.093839
12 0 0 0 2 2 0.2746713 1.025087
2 0 0 0 2 2 0.2933103 0.9146812
9 0 0 2 0 1 0.2571112 0.9961539
8 0 0 2 1 3 0.8463364 1.089915
4 1 0 2 0 0 1.110028 1.060346
5 0 0 0 0 1 -0.6368884 1.009425
5 0 1 0 0 2 -0.3065193 1.026891
4 0 0 0 1 0 -1.091404 0.911931
9 0 1 0 0 1 -0.07444016 1.058977
4 0 0 0 2 2 0.1608739 1.056248
7 0 0 1 0 2 -0.09575984 0.9218751
4 0 0 2 2 3 0.5823052 0.9259676
4 0 0 0 1 1 2.679393 0.974746
3 1 0 0 0 2 0.9096272 0.9317988
6 0 1 0 1 1 -0.3300676 1.018675
6 0 0 1 0 2 0.2588614 0.9404855
5 0 0 0 0 1 1.436082 1.014084
3 1 0 1 0 0 1.156465 0.9069085
2 0 0 0 0 2 -0.9345728 0.9287019
7 1 0 0 0 1 2.408527 1.042148
7 1 0 0 0 1 1.135715 0.9363778
4 0 1 0 0 1 0.298285 1.042248
8 0 0 0 0 2 0.02570752 1.085289
5 0 0 0 0 3 0.8832258 1.017056
4 0 0 1 2 1 -0.2931419 0.9780695
8 0 0 0 0 3 0.6798062 1.05052
6 0 1 0 0 2 0.187931 1.063698
6 0 0 0 2 2 0.3297003 1.055378
5 0 0 0 0 1 1.238613 1.090904
1 1 0 2 0 2 0.1652295 0.9149553
8 0 0 1 1 2 0.7386706 0.9983753
5 1 0 2 0 2 1.028735 1.081434
4 1 0 0 0 3 2.311038 1.044367
3 0 0 0 0 0 -2.199616 1.082299
2 0 0 0 0 2 -0.2750032 1.037075
3 1 0 0 2 2 -1.315363 0.9490854
3 0 0 2 0 1 0.7713467 0.9546941
13 0 0 0 1 2 1.487711 1.03809
6 0 0 0 0 0 0.8837854 1.022575
6 0 0 2 0 2 -2.131759 1.066898
4 0 1 0 1 1 -1.488632 1.029784
2 0 1 0 0 3 0.4049508 0.9023596
7 0 0 1 2 3 -1.199984 0.9192824
5 0 0 0 1 0 -0.4936808 0.9671424
5 0 0 0 0 1 1.703506 0.9051815
2 0 1 0 0 0 -0.6785715 1.055664
1 1 0 2 0 2 1.098823 0.958837
2 0 1 0 2 0 -2.360105 0.9687871
6 0 0 0 1 0 -0.4570444 0.9974688
7 1 0 0 0 1 -0.8392583 1.074394
3 0 1 0 0 0 1.718448 0.9552209
5 1 1 0 0 1 1.421288 0.993082
4 0 0 0 0 1 -0.6368813 0.9361413
4 0 0 1 0 1 -0.443317 1.026361
6 0 0 1 1 2 0.6114468 1.01044
5 1 0 0 0 1 -0.5363845 1.041539
3 0 0 0 0 3 0.3930849 0.9395845
3 0 0 2 0 0 -0.1841457 1.054349
5 0 0 1 2 3 -0.2171333 0.9466613
3 0 0 0 1 0 0.08380312 0.9284935
7 0 0 0 2 3 0.3666852 0.9205507
2 1 0 0 0 0 -0.5144402 0.9776256
4 0 0 1 0 3 -0.007033104 0.9945377
7 0 1 0 1 3 -0.2319974 1.065503
2 0 0 0 0 2 -0.6600242 0.9751242
7 0 0 0 0 2 0.966823 1.034546
11 0 0 0 0 0 0.8612112 0.9142154
3 0 1 0 1 1 1.978603 0.9137224
3 1 0 0 0 0 -0.1721519 0.9259275
6 0 0 2 2 2 1.814972 0.9907083
1 0 0 0 0 3 -1.508532 1.005453
6 0 0 1 2 0 -0.8686276 1.068459
6 0 0 0 2 2 -1.617906 1.035994
9 0 0 0 1 3 0.461714 0.9199552
11 0 1 0 1 1 -0.3644558 1.060298
6 1 0 0 1 2 0.4859493 1.05428
6 0 0 0 1 3 -0.8283052 0.9987686
7 0 0 0 2 0 -0.2050112 1.078735
5 0 0 0 0 2 0.9603768 1.098537
4 0 0 0 0 2 1.176061 0.9132286
5 0 0 0 0 1 0.9561617 1.047568
1 0 0 0 1 3 -0.4920317 0.9957199
4 0 0 1 0 1 0.4758085 1.019042
12 0 0 0 0 1 0.07969708 0.9066583
2 0 0 1 0 0 1.909536 0.9213618
6 0 0 2 2 2 -0.118981 1.086934
4 1 0 0 0 2 -1.220363 0.9728888
7 0 0 0 0 1 -0.8804185 1.060688
4 0 0 0 0 2 0.3289726 0.9421778
9 0 0 0 2 1 -1.283801 1.095746
4 1 0 0 0 2 -0.986334 0.9460836
4 0 0 0 0 1 0.3766222 1.024225
6 0 0 0 0 2 -0.1726939 1.054876
1 0 0 0 0 0 0.9373228 0.9982917
5 0 0 2 0 2 -0.0330507 0.900249
5 0 0 2 0 1 1.800074 0.9104661
5 0 0 1 0 3 -0.3739704 0.9320943
7 1 0 0 0 3 -1.311873 0.9024849
8 0 0 1 0 1 -0.2739056 1.046852
3 0 0 0 2 1 0.3699749 0.9397643
9 0 0 0 0 1 -0.840411 0.9904026
2 0 0 2 0 3 1.154314 0.9751889
8 0 1 0 0 3 1.257098 1.057595
6 1 0 0 2 1 -0.01988776 0.9727378
5 0 0 1 2 3 0.3632018 1.068426
2 0 0 0 1 2 1.532786 0.9973757
6 0 0 0 0 1 0.7557974 1.018887
6 0 0 0 1 1 -0.4988999 1.025312
3 0 0 2 2 1 -0.02786575 0.9823037
2 1 0 2 0 0 0.04457784 0.9096394
3 0 0 1 0 3 1.610363 0.9725395
3 0 1 0 0 2 0.5436151 1.096942
8 0 0 0 0 3 2.144674 1.017994
5 0 0 0 0 0 -0.03516436 1.000018
2 0 0 0 0 2 -0.8856362 0.9553295
2 0 0 0 2 3 -0.2401872 1.096284
2 0 0 0 0 0 -0.6254499 0.9250312
6 0 0 2 0 1 -0.4305214 1.092963
5 1 0 0 0 3 2.105952 0.9761119
6 0 0 2 0 1 0.9757275 1.006098
7 0 0 0 0 0 0.2727429 1.065048
3 0 0 2 2 3 1.148691 0.9136656
5 1 0 0 0 3 2.130937 0.9026909
4 0 0 0 0 0 0.2861062 0.9154287
5 0 0 0 0 3 0.2226048 0.9370057
3 0 0 0 1 3 0.0009032419 0.9659386
6 0 0 0 2 0 -1.716581 1.088607
9 0 0 0 2 3 0.2497598 0.9504309
6 0 0 1 0 1 0.4002809 0.9688438
6 1 0 0 0 2 0.02967233 1.038269
4 1 0 2 1 2 -1.231911 0.9126359
3 0 0 0 0 1 1.2943 1.023183
3 1 0 1 2 0 -0.6356269 0.9638482
9 0 0 0 1 0 1.09478 0.9610623
4 0 0 1 2 3 0.2147266 0.9137388
7 0 0 0 0 1 -0.7852198 0.9060944
5 1 0 0 0 0 0.9013322 1.067229
5 0 0 0 1 2 2.337134 0.9616895
4 0 0 0 0 0 -0.3395891 1.028082
6 0 0 0 2 0 1.653768 1.014213
5 0 0 0 1 1 -0.003368021 0.9627019
6 0 0 1 0 0 1.812333 1.093806
8 0 0 2 2 2 1.597906 1.02008
5 0 0 2 1 2 -0.7181084 0.9182866
4 0 0 0 0 0 -1.462184 1.019266
3 0 0 0 2 1 -1.554943 0.9614144
6 0 0 1 0 2 0.4283458 0.9116192
7 0 0 0 1 2 -0.9993544 1.079456
4 1 0 0 0 1 0.4377104 1.031746
3 0 0 1 2 3 -1.742954 1.04846
6 1 0 2 1 1 0.6010915 1.061883
8 0 0 0 2 2 -2.767116 0.9619109
6 0 0 0 0 0 0.1815231 1.016324
6 0 0 0 0 2 2.261887 0.9996591
4 0 0 0 0 2 0.7119713 0.986193
5 0 0 0 2 3 1.157273 1.003011
5 1 1 2 0 3 0.2509712 0.9705542
4 0 0 0 2 0 -1.099141 0.978459
7 0 0 0 0 1 0.3724235 0.9916921
10 1 0 1 2 1 -1.78435 0.9017868
5 1 0 0 2 3 0.4992636 0.9547519
7 0 0 0 0 1 -0.3797158 1.038084
6 0 0 0 0 2 0.2789535 1.023624
3 0 0 0 0 3 0.02597137 0.9422856
1 0 0 0 0 2 1.342524 1.081009
4 0 1 2 1 2 -1.684963 0.9454507
11 0 0 0 1 2 -1.894034 0.9980691
6 0 0 0 0 2 -1.383303 1.053044
8 0 0 0 0 3 -0.837278 0.9288101
3 0 0 0 0 3 0.00256629 1.044024
4 0 0 2 2 3 -1.77304 1.00871
7 0 0 0 0 0 0.9996763 0.9322984
4 1 0 1 0 0 -0.254026 0.946343
7 0 0 0 0 2 0.7692224 1.054151
5 0 1 0 0 0 -0.102345 0.9184386
3 0 0 2 0 3 -1.499214 0.9380312
4 1 0 1 2 0 0.1029108 1.077814
3 0 0 0 2 1 1.462499 1.054065
9 0 0 2 0 3 -0.8393918 1.094477
3 0 0 2 -999 3 1.175928 1.038267
8 0 0 0 2 1 0.04779855 0.9172786
11 0 1 2 0 3 2.353891 0.9343251
3 1 1 0 0 0 -0.5752189 1.009377
4 0 0 2 0 3 -1.745505 0.983713
7 0 0 0 0 1 -0.2072314 0.9129497
9 0 0 0 0 3 -0.02346067 1.06045
7 0 1 0 0 2 -1.480487 1.057674
8 1 1 0 1 3 2.727693 1.051595
10 0 0 1 0 3 0.2919722 0.9626629
5 0 0 0 0 0 1.449726 0.9628903
3 0 0 1 0 3 -0.6324377 1.01856
5 0 0 0 0 2 -0.0751955 1.04245
2 0 0 2 0 0 -0.2353633 1.065509
3 0 0 2 0 2 2.387499 0.9046671
2 0 0 1 1 3 -1.138642 1.00977
3 0 0 1 0 1 -1.272145 1.073549
3 0 0 0 0 3 -0.7568139 0.9155884
5 0 0 0 0 0 0.1676795 1.092807
6 0 0 0 0 3 -1.92071 0.9831904
7 0 0 0 0 1 0.9233826 0.9320602
5 0 0 1 1 0 -0.3540867 1.074416
4 0 0 0 0 1 0.1832224 1.026629
6 1 0 1 0 2 0.2134165 1.014684
0 0 0 2 0 2 -1.360376 1.096998
3 1 0 1 0 0 -0.7803921 0.9809331
2 0 0 0 0 0 0.9676892 0.9658747
1 1 0 0 0 3 0.2435053 0.9086277
3 1 0 0 0 0 -1.120998 1.064639
3 1 0 0 0 2 -1.216784 0.9201131
5 1 0 1 0 1 0.6308921 0.9951914
2 1 0 0 0 1 1.131792 1.065372
2 1 0 2 0 3 -1.485974 1.015274
5 1 0 0 0 1 0.1782022 1.081124
0 1 0 0 0 0 -0.7525126 0.9939053
3 1 0 0 0 2 0.5247352 0.9453141
4 0 1 0 2 3 0.8820656 1.099013
4 0 0 1 0 2 0.4396945 0.9044525
2 1 0 0 2 2 -0.4749788 0.9250219
1 1 0 0 2 0 -0.5338915 1.090364
4 1 1 0 0 1 -0.1050021 1.020511
6 1 1 2 0 0 1.132719 1.082147
2 0 1 0 0 3 -1.398322 1.007209
3 1 0 1 1 0 0.366933 1.045232
4 1 0 1 0 0 1.282012 1.071454
1 1 0 0 2 0 0.1782525 0.9029242
1 1 1 1 1 2 -1.052907 1.008896
4 1 0 2 0 3 1.32014 0.9763309
3 1 0 0 0 1 0.748952 1.093104
3 1 0 0 0 2 -1.529032 1.050713
1 1 0 0 1 1 0.1397261 0.9785145
5 1 0 0 0 1 -1.280697 0.999022
5 1 0 0 0 3 0.8595634 1.024036
4 1 0 0 0 2 -1.550242 1.045455
2 1 0 0 1 3 0.596898 1.035731
6 1 1 2 0 2 -0.4196021 0.9959508
2 0 0 0 0 2 1.845868 0.9385152
4 1 0 0 0 1 1.137228 0.9593479
2 1 0 0 0 1 -1.761833 1.078884
3 1 0 0 0 3 -0.4186664 1.012
0 1 0 0 2 0 0.2772778 0.9307836
2 1 1 0 2 2 0.6171968 1.043335
3 0 0 0 0 1 -1.823362 1.017759
0 1 0 0 0 2 0.4582391 0.9177584
0 1 0 0 0 1 -0.9204824 1.024466
1 1 0 0 0 2 0.6079673 1.072055
0 1 1 0 1 0 0.62093 1.023089
4 1 0 2 0 3 2.98408 0.9754191
2 1 0 0 0 1 0.6082619 0.9379693
2 1 0 1 0 0 1.069193 0.929791
1 1 0 0 0 3 -1.016943 1.042474
2 1 0 0 0 1 0.8030776 1.082107
3 1 0 0 0 2 0.08969297 1.070277
2 0 0 0 0 0 0.3059743 1.037556
4 1 0 0 0 1 1.356786 1.095778
3 1 0 2 0 2 0.8066137 0.9884636
0 1 0 0 0 2 0.2255072 1.070591
5 1 0 0 2 2 -0.193611 1.006254
3 1 0 0 0 3 -0.02568877 1.057302
3 1 0 0 0 2 -0.4171892 1.000507
2 1 0 0 0 0 0.7590572 1.03093
2 1 0 1 0 1 1.882928 1.069617
1 1 0 0 1 0 1.008636 0.9139893
4 1 0 0 2 1 -0.5092268 0.9358169
2 1 0 0 0 2 0.3276234 1.035946
1 1 0 0 0 2 -0.9744211 0.9021448
2 1 0 0 0 0 -0.6480425 1.097137
1 1 0 0 0 3 0.1935493 0.9857317
4 1 1 0 0 0 1.931505 0.9968133
0 1 0 0 0 3 0.4613114 1.001884
1 1 0 0 0 1 1.105837 0.9547779
2 1 0 1 0 1 0.2474865 1.025036
2 1 1 0 0 1 -0.618118 1.012036
2 1 0 0 0 2 0.5336237 0.926716
3 1 0 1 0 2 -0.04379515 1.020733
1 1 0 2 0 3 0.6440147 0.9518432
2 0 0 0 0 3 -0.07180834 1.094602
2 1 0 0 0 1 0.9185653 0.9394666
2 1 0 0 0 3 -1.115342 0.9767368
1 0 0 0 0 1 0.8094299 1.016246
1 1 0 0 0 2 0.7507922 1.093
3 1 0 0 0 2 1.192168 0.9595677
3 1 0 0 2 0 -1.029532 0.9756847
2 1 0 0 0 3 -0.1821625 1.028596
3 1 0 0 0 2 -0.5242734 0.9402351
2 1 0 0 0 3 1.462043 0.9760411
2 1 0 0 0 3 -0.1819194 1.054288
1 0 0 0 1 0 -0.2116861 0.913951
3 1 0 0 0 1 0.3986522 0.9930486
3 1 0 0 0 1 0.2510599 0.9219876
4 1 1 0 0 1 0.5802913 1.090197
4 1 0 2 0 0 -0.7265018 0.9294746
2 1 0 0 0 3 1.53439 1.042535
1 1 0 1 2 0 -0.7377582 1.001593
2 1 0 0 0 3 -0.3401801 1.028936
3 1 1 0 0 2 0.4225233 0.9492882
3 0 0 0 1 0 -0.04003606 0.9327617
3 0 0 0 0 1 -1.904304 0.9650921
4 1 0 0 0 1 -0.3601595 1.011277
1 1 0 0 0 2 0.9311773 1.009208
2 1 0 0 2 2 -0.6196148 0.9796411
3 1 0 0 0 2 0.5633649 0.9906719
3 1 0 2 0 2 -0.1133663 0.9961162
1 1 0 0 0 3 -0.1565463 0.9250466
1 1 0 0 0 2 0.3069607 0.991047
2 0 1 0 1 2 -0.372334 1.022923
2 1 0 0 0 1 -0.04200449 1.062853
2 0 0 0 0 3 -0.4137237 0.9510006
1 1 0 0 0 1 -0.1514121 0.943315
3 1 0 1 0 2 0.09379876 1.052458
4 0 0 0 0 3 0.1992777 1.03909
2 1 0 0 2 3 0.6231779 0.9391778
1 1 0 0 0 3 0.6874041 1.056666
2 1 0 2 0 3 -1.075188 0.9075674
2 1 0 0 0 3 0.491563 0.9094784
4 1 0 0 0 0 -0.7622317 0.956183
2 0 0 0 0 0 -0.5963981 0.961898
0 1 0 0 0 3 -0.6891499 1.02085
3 1 0 0 0 3 -0.0429768 1.002268
0 1 0 2 0 1 0.3698148 0.9209256
3 1 0 0 0 2 0.7523403 0.9998838
4 1 0 0 0 1 -0.5278355 1.006956
1 0 0 1 0 1 0.5635856 1.055517
2 0 0 2 0 3 1.065301 1.040526
2 0 0 0 0 3 2.106407 1.055166
6 0 0 1 0 2 0.3290445 1.092202
4 1 0 0 0 3 1.69922 1.002455
2 1 0 0 0 2 -0.8064675 1.094609
3 1 0 0 0 1 -2.024261 0.9571746
0 1 0 0 0 0 0.698314 1.071941
4 1 0 0 0 0 1.135505 1.051757
6 1 0 2 0 0 1.329926 1.043072
2 1 0 0 0 2 -1.211905 0.9913457
9 1 0 0 0 2 -0.8328567 1.080591
2 0 0 0 0 3 0.2627966 1.051016
3 1 0 0 0 3 0.07363932 0.9649617
1 1 0 0 0 3 -0.0001202982 1.030291
1 1 0 0 0 1 -1.093065 0.903767
1 1 0 2 0 3 -1.733598 1.05001
5 1 0 0 0 0 1.895797 1.060728
0 1 0 2 0 1 0.5162508 0.9086496
2 1 0 0 0 0 -0.08007089 1.04185
2 1 0 0 0 1 0.04926508 1.093714
8 1 0 0 2 1 0.7253864 1.043171
2 0 0 0 0 1 0.6334064 0.9872046
2 1 1 0 0 1 1.121308 1.042487
4 1 0 0 0 0 1.334331 1.054567
1 0 0 0 2 3 -0.2862893 0.9036932
7 0 0 0 0 3 -0.5017161 1.015489
4 1 0 1 1 0 0.2585521 1.031287
1 1 0 0 0 3 -0.5114571 0.9904697
1 1 0 1 2 0 -2.323425 0.9877815
2 1 0 0 2 1 -0.3905909 1.090138
5 1 0 0 0 0 1.871276 0.9984763
5 1 0 0 0 0 0.3627152 0.9828389
3 1 0 0 0 2 0.9579946 1.03535
2 1 0 0 0 2 -0.7883387 1.054538
3 1 0 0 0 0 0.3673164 1.024295
3 1 0 0 0 0 0.3305308 0.9238675
2 1 0 0 2 0 -1.167586 0.9611885
4 1 0 0 0 0 1.288919 1.04674
2 1 0 0 0 0 0.09879921 0.961126
1 1 0 0 0 1 -0.9296253 0.9210636
0 1 0 2 0 1 -1.180472 1.053272
2 1 0 1 2 1 -0.2913882 1.061825
4 1 1 0 0 3 -0.6608198 1.081516
1 1 0 0 0 2 0.2284577 1.00729
1 1 0 0 0 3 0.103382 0.9401214
0 1 0 0 0 3 -0.3432241 1.094836
0 1 0 0 0 2 -0.6890052 0.9927512
3 1 0 1 0 3 1.103407 0.9502356
2 1 0 0 0 1 -0.07857412 1.007756
2 1 0 0 0 2 0.444579 0.9329907
6 1 1 0 0 1 0.3993892 0.9171574
0 1 1 0 0 1 1.000492 0.9481861
1 1 1 0 2 2 0.004810248 0.9384278
2 1 0 0 1 2 2.437038 0.9210932
3 1 0 0 0 0 2.646204 1.083204
3 1 0 1 0 2 -1.864575 1.087337
0 1 1 0 0 3 0.2457425 0.9040167
3 1 0 0 0 2 -0.09668347 1.094512
3 1 0 0 0 0 0.3010136 0.917942
4 1 0 0 0 1 1.078856 1.03622
2 0 0 0 0 1 -0.972366 1.018144
3 0 1 0 1 2 -0.03656645 1.054726
0 0 0 0 0 0 0.6226853 0.9191187
0 1 0 0 1 1 1.189837 0.9730547
2 1 0 0 0 3 0.2008037 0.9168317
5 1 0 0 0 1 1.297769 1.024334
4 1 1 0 0 0 1.443694 0.9625472
1 0 0 0 0 1 0.7335965 0.971704
2 1 0 0 2 1 -0.02347853 1.071833
4 1 0 0 0 1 -0.3221142 1.007265
0 1 1 2 0 2 -0.7895696 0.9911906
4 1 0 0 0 1 0.4622014 1.09383
2 1 0 0 0 3 0.1455979 0.9181372
1 1 0 0 0 2 -0.2680363 1.063102
5 0 0 0 0 2 -1.118877 1.086572
0 1 0 0 0 1 -0.09001204 0.9587922
1 1 0 2 0 1 0.6412942 0.9841875
2 1 0 0 0 1 0.8063036 1.046936
3 1 0 2 0 1 1.127633 0.9985709
1 1 0 0 0 0 -0.2048006 0.9945105
1 1 1 0 0 1 -0.9294555 1.018705
3 1 0 0 0 1 0.6097864 0.9017012
3 1 0 0 0 2 -0.9928665 0.9898613
3 1 0 1 2 1 0.1526078 0.960916
3 1 0 0 0 3 0.1055579 0.9997133
2 0 0 0 0 1 -0.2653825 0.9593662
4 0 0 0 0 3 -0.3399125 1.004162
3 0 0 0 0 3 0.9226744 1.012615
2 0 0 0 1 0 -0.3557229 1.035303
4 1 0 0 2 1 0.7651351 1.091103
0 1 0 0 0 0 0.1150408 1.066923
1 0 0 0 0 0 1.104266 1.005575
3 1 1 0 0 2 -0.3745551 0.915767
2 0 0 2 0 0 0.18077 1.06077
3 1 0 0 0 3 -1.222759 1.050483
2 0 0 0 0 2 0.4580002 0.9139433
2 1 0 0 0 1 0.5027657 1.048899
3 1 0 0 0 2 -1.786855 0.9331411
1 0 0 0 0 2 -0.7036778 0.9401779
2 1 0 0 2 0 -1.454514 0.988062
1 1 0 2 0 2 -1.604146 0.9004482
3 1 0 1 2 3 -1.560942 0.929848
1 1 0 1 2 3 0.2759224 0.9245475
1 1 0 2 0 1 -1.491613 0.9510531
4 0 0 0 0 3 -1.382259 1.085768
3 0 0 0 0 3 -0.006734302 1.01337
0 1 0 0 0 3 1.066203 0.9638627
1 1 0 0 1 0 -1.552616 0.9793546
4 1 0 2 0 1 0.1904756 1.046095
3 1 0 0 0 2 -1.302334 1.008248
0 0 1 0 0 0 0.2358153 0.9435416
4 1 0 0 0 2 0.9574396 0.9208368
1 1 0 0 0 1 0.6431093 0.9080294
2 1 0 0 1 1 -1.049823 0.9685581
0 1 0 0 0 1 0.3156825 0.9819632
3 1 0 0 0 3 -0.4367222 1.060967
2 0 0 0 0 2 -1.806292 1.040614
3 1 0 2 0 0 -0.6961949 1.008959
3 0 0 2 0 0 0.2547067 1.050235
3 1 0 0 0 2 -0.3716645 0.9707527
3 1 0 0 0 2 0.6696351 1.090131
2 1 0 0 0 0 -0.6783513 0.9130357
4 0 1 0 0 2 0.888687 1.078951
2 1 0 0 0 3 0.9086388 1.031474
3 1 0 0 0 2 0.2182704 0.9833774
2 1 1 0 0 3 -0.02673286 1.040844
0 1 0 0 0 3 0.3223079 1.011808
2 1 0 0 0 2 -0.222116 1.015374
0 1 0 0 0 2 0.6186861 1.075292
2 0 0 0 0 1 0.6266813 0.9289872
1 1 1 2 0 1 0.1364597 1.067642
0 0 1 1 0 2 -1.040214 0.9487558
1 0 1 1 0 3 0.1973602 0.9035972
2 1 1 1 0 2 -0.6133536 1.022288
2 1 1 2 1 2 0.9173774 1.058553
1 1 1 2 0 1 0.9054823 0.9518772
2 0 1 1 0 1 0.324889 0.9221618
0 1 0 2 0 0 1.017946 0.9825714
1 0 1 1 0 0 1.015198 0.9037755
0 1 1 1 0 2 -1.116313 0.9727631
0 1 0 2 2 1 0.4052025 0.9796249
2 1 0 0 0 1 1.747431 1.079853
1 1 1 1 0 3 -0.9096317 0.9042567
1 1 0 1 1 1 -0.1431021 1.056016
1 1 1 2 0 1 -0.8934657 0.9082687
2 1 0 1 0 1 0.3192882 1.014301
0 1 1 1 0 1 0.3242977 0.9465281
2 1 1 1 0 2 0.008571377 1.064517
0 1 0 1 0 2 1.995438 1.060057
1 1 0 2 0 2 0.821294 1.035265
0 1 1 1 0 2 0.6492856 0.9232827
2 1 0 1 0 1 0.2342637 0.9479501
1 1 1 2 0 0 1.898275 0.9428858
2 1 1 2 0 3 0.6813663 0.9750145
1 1 0 1 1 2 0.04762602 0.9200018
0 0 1 1 0 1 0.5566967 1.095977
1 1 1 1 0 3 -1.266851 1.077885
0 1 1 1 0 3 1.014704 0.9070409
0 1 0 1 0 1 0.2668053 1.003286
2 0 1 2 0 1 -2.80389 0.9391069
2 1 0 1 0 0 -0.8984527 0.9935693
0 1 0 1 0 3 -1.144674 0.9248897
1 0 1 1 0 3 1.282576 0.9113674
0 1 0 1 0 3 0.3718357 1.005475
0 1 1 1 0 3 -0.0009919298 0.9328096
1 1 0 1 0 2 -0.0696058 1.098081
0 1 0 1 0 2 2.141794 1.030112
0 1 0 2 0 2 -0.6298696 1.068839
1 1 1 1 0 1 0.2657032 1.012489
2 1 0 1 0 1 -0.2831631 1.034394
2 1 0 1 0 1 0.5323331 0.9585439
1 1 1 1 0 2 -0.8427288 1.044119
1 0 0 1 0 1 -0.1317926 1.025692
1 1 1 0 0 3 0.08546732 0.9452455
1 1 1 1 0 2 2.294807 0.9332464
1 1 1 0 2 0 0.2496567 0.9695253
0 1 1 0 0 2 -0.5370823 0.9130278
2 0 0 1 0 2 -0.811247 1.055727
2 1 1 1 1 2 -0.1157455 1.018667
1 1 1 1 0 2 -0.05309566 1.00665
0 0 1 1 0 2 1.369753 1.03553
0 0 1 1 0 2 0.3506223 1.026321
2 0 1 1 1 1 -0.3329154 0.9334795
0 1 1 1 0 2 0.8244197 0.9624377
1 1 1 1 0 1 2.482423 1.061721
0 1 1 1 2 3 0.7093164 0.9067502
4 1 0 1 0 3 0.3599048 0.9971331
1 1 1 1 0 3 -1.049023 1.034404
1 1 1 2 0 3 -0.4806243 0.9906563
3 1 1 1 2 2 -0.1759766 0.9582214
1 1 1 0 0 3 0.5353714 0.9434442
0 1 0 1 0 2 0.3730548 0.9195841
1 1 0 0 0 2 0.5004638 1.042309
2 1 1 1 1 1 0.5327063 1.087045
4 1 0 1 2 1 0.8620722 1.052866
5 1 1 0 0 0 -1.760846 0.9570638
2 1 1 1 0 1 0.9040445 0.9566485
1 1 1 1 0 0 0.5032826 0.9253031
1 1 1 1 0 2 -0.7501388 1.064956
1 1 0 0 0 1 1.987306 1.0152
3 1 1 2 0 0 0.9014262 1.083201
3 1 1 1 0 1 0.524889 0.9869281
1 1 0 1 0 1 -0.8547733 1.069706
0 1 1 1 0 1 1.43616 0.9437706
1 1 1 1 0 1 -0.3176784 1.075612
0 1 1 1 0 0 0.5606024 0.9807717
0 0 1 1 0 0 0.1002299 0.9409246
2 1 0 1 0 2 0.5327032 0.9764302
1 0 0 1 0 0 0.1814459 0.980894
1 1 0 1 0 1 -0.03155547 0.970844
0 1 1 1 0 0 0.6810511 0.9269763
0 1 0 1 0 1 0.1279543 1.09708
0 1 1 1 0 2 0.7192481 0.9542906
1 1 0 1 0 1 0.9416957 0.9538901
1 1 1 1 0 0 0.6439453 1.075616
1 0 1 0 0 3 -1.715589 0.990615
0 0 1 0 0 3 0.7116489 1.036743
1 1 0 1 0 2 -0.05395116 1.027951
1 1 1 0 0 3 0.830302 1.014477
1 1 1 1 0 3 0.4247129 0.9230903
5 1 0 2 0 3 1.342988 1.07675
3 1 1 1 0 0 -1.068117 0.970189
0 0 1 1 0 0 -0.4036393 0.9597819
0 1 0 2 0 2 -2.045723 1.012393
1 1 1 1 0 3 -0.3085199 0.9033765
1 0 1 1 0 0 0.4575958 1.001894
1 1 0 0 1 2 0.1844884 1.074935
0 1 1 1 0 2 0.4719386 0.9537995
0 1 1 1 0 1 1.412541 1.001588
2 1 0 1 1 1 -1.163083 1.017921
3 1 0 1 0 0 0.3534049 0.9126032
0 1 1 1 0 2 -0.1185393 1.051192
1 1 1 1 0 0 0.2780743 0.9565599
3 0 1 0 0 3 0.1887342 0.9467215
0 1 1 1 0 3 -0.6524427 1.048113
0 1 1 1 0 2 -1.283689 0.9337873
0 1 0 1 0 3 1.650339 0.9890675
0 1 1 1 0 0 -0.5928064 1.016162
1 1 1 1 0 3 0.03375919 1.066405
2 1 1 2 0 1 1.478779 0.9693267
2 1 0 1 1 1 1.683942 0.9772668
0 1 0 1 0 0 -0.3797058 0.9571505
0 1 1 1 0 2 0.1377173 0.907203
1 1 1 0 0 0 -0.3425775 0.9457512
1 1 0 1 2 2 -1.085979 0.9901645
0 1 0 1 0 3 0.63814 0.9340056
0 1 1 1 0 3 0.4616835 1.058994
1 1 0 0 0 1 -0.8124984 1.038234
2 1 1 1 0 2 0.9297064 1.022263
0 0 1 2 0 1 -0.193609 0.9804812
0 1 1 1 0 3 -0.5164644 0.9245242
3 1 0 0 1 1 -1.691571 0.9815666
1 1 1 1 0 1 0.2321186 0.9340415
1 1 1 1 0 3 0.325474 0.9265284
0 1 1 2 0 3 -1.614462 0.9156056
1 1 0 1 0 2 -1.883494 1.07637
1 1 0 1 0 1 2.48022 1.08398
0 1 1 1 0 1 0.5259066 0.9673663
2 1 1 0 0 0 -1.440049 1.020623
0 1 1 1 0 1 -1.659952 1.036008
0 1 1 1 0 2 0.3161873 0.9185822
2 1 1 0 0 0 0.9499515 1.014473
1 1 0 1 0 2 3.168528 0.9839556
0 1 1 1 2 2 -0.0310156 0.9671609
2 1 0 1 0 1 -1.092129 1.066856
2 0 1 1 0 1 -0.9828463 0.9129219
0 1 1 1 0 3 1.719332 1.003821
1 1 0 2 2 0 -1.846645 0.9764468
0 1 1 1 0 1 1.196216 1.024256
1 1 0 1 0 1 -0.4684708 0.9223953
2 1 1 1 0 2 -0.2563328 0.9275969
0 1 1 2 0 0 -0.1167454 1.065951
4 0 0 1 0 3 -0.9258565 0.9734212
0 1 1 1 2 0 0.139155 1.067657
1 1 1 1 0 1 -0.389676 0.9962128
2 1 0 1 0 2 0.5972716 1.09098
0 1 1 2 0 1 0.3567016 1.073767
0 1 1 1 0 3 -0.5787961 0.9824802
1 1 1 1 0 2 -0.8113455 0.960487
1 1 1 1 0 2 0.698368 0.961572
0 0 1 2 0 3 0.1287478 0.9822852
0 1 1 1 0 0 0.9448052 0.9511684
1 1 1 1 0 3 -0.3693495 1.088405
1 1 1 1 2 3 -1.164799 0.9699031
0 1 1 0 0 3 0.02753214 1.066766
1 1 0 0 0 1 -1.012621 0.9672114
2 1 1 1 0 3 0.02464823 1.000331
0 1 1 0 0 3 0.02465142 0.9430233
1 1 0 1 0 0 0.2429852 1.039313
1 1 1 1 0 2 -1.649777 1.008783
1 0 1 1 0 1 -0.3830267 1.035457
1 0 0 1 0 2 -1.317995 0.9643254
1 1 1 2 0 0 1.219577 1.053478
0 1 1 1 2 3 0.9306936 0.9212321
1 1 0 1 0 1 -0.6085288 1.095527
1 1 1 1 0 2 -0.581943 1.097159
0 1 1 2 0 3 -0.8824363 0.9003205
1 1 1 1 0 2 0.02831879 0.9195794
0 1 0 1 0 0 -1.422296 0.9601221
3 1 1 1 2 2 -2.289832 0.902033
3 1 0 1 0 3 0.515802 1.025662
1 1 0 0 0 1 -0.07308774 0.9762359
1 1 1 1 1 2 0.1879118 1.053933
1 1 1 1 0 3 -1.449322 1.045409
1 1 1 1 1 3 1.698322 0.971898
1 1 1 1 2 0 -0.6252072 1.033509
0 1 0 2 0 3 1.212903 1.083834
2 1 0 2 0 2 0.429971 0.915181
1 1 1 1 0 2 -0.4913481 1.066458
0 1 1 2 0 0 -0.2645853 1.046001
0 1 0 0 0 0 0.3124881 0.9795239
0 1 1 1 0 1 -0.4612545 0.9192886
0 0 0 1 0 2 0.06643935 1.002899
1 1 1 2 0 0 -0.509345 1.025364
0 1 1 0 1 2 -0.9008 0.9730373
1 1 1 2 0 2 -0.2133439 1.062291
2 0 1 1 0 0 0.6052667 1.010708
0 1 0 1 0 2 0.4295504 1.03056
1 1 0 0 2 3 -0.966266 1.002848
1 1 0 1 0 3 -0.0206662 1.020079
0 1 1 0 1 2 0.7925109 1.050238
3 1 1 0 2 0 -1.368818 1.099194
0 1 1 0 0 2 -0.9967237 1.029692
1 1 1 1 0 2 -0.6344232 1.068916
0 1 1 1 0 2 1.25131 0.9117617
1 0 1 0 0 2 -0.007938985 0.9207048
0 1 1 1 0 3 0.2075287 1.021678
1 1 1 1 0 2 -1.109189 0.9840058
2 1 1 1 0 0 -0.5682999 0.9476006
1 1 1 1 0 2 0.1131262 0.9605467
0 1 1 1 1 1 -0.2547297 0.9583907
1 0 0 2 0 2 0.004687993 1.009206
0 1 1 1 0 3 -0.4027523 0.9591425
0 1 0 2 0 2 -0.9046564 1.021845
1 1 1 2 0 3 -0.1877543 1.023081
1 1 1 1 2 0 0.2393832 0.9573484
0 1 0 1 0 2 0.2982661 0.9741606
0 1 1 1 0 2 0.3768656 0.9181632
0 1 0 1 1 3 0.5858428 0.9316715
2 1 0 1 0 1 0.2055951 0.9937714
0 1 0 1 0 1 -1.92192 1.013357
1 1 0 0 0 1 0.42221 1.048731
1 1 0 1 0 2 0.1842098 1.097605
0 1 1 1 0 1 0.902369 0.9267283
1 1 1 1 0 1 -0.8724678 0.9709393
1 1 1 1 0 1 0.3994594 1.024055
1 1 1 2 2 0 -0.143418 1.04671
1 1 1 1 1 1 0.742192 1.018292
0 1 1 1 0 1 -1.755694 0.9802903
2 1 0 1 0 0 1.655016 1.025616
0 1 1 1 0 0 -1.968041 0.9183671
0 1 0 2 2 3 1.390125 0.9807617
1 1 1 1 1 1 0.6228379 0.962594
1 0 0 2 0 0 -1.130148 1.083636
0 1 0 0 0 1 -1.474303 1.010713
1 0 1 1 1 2 -0.08657526 1.00686
2 1 1 0 0 1 0.9480084 1.017295
2 1 0 1 1 2 -0.8267812 1.093289
2 1 1 2 0 0 -0.6520132 1.009733
1 1 1 1 0 0 1.131649 1.006857
2 1 0 2 0 3 0.5728072 1.07874
1 1 0 2 0 3 0.7761919 0.9982342
1 1 0 1 2 3 -0.3851844 1.067604
1 0 0 2 0 2 0.7041387 0.9910715
0 0 1 0 0 1 0.6704606 0.9810614
0 1 1 0 0 3 -0.3975529 0.9198141
1 1 1 1 0 0 -0.00478986 0.9653796
0 1 1 0 2 2 0.6715956 1.044533
1 1 1 0 2 2 -0.6406377 0.9798355
1 0 1 2 0 3 -0.5658163 1.075282
0 1 1 0 1 2 0.2369196 1.034517
1 0 1 2 2 1 -0.5965854 1.064501
0 1 1 2 0 0 -0.4571378 1.091438
1 1 1 1 0 1 -0.5994087 1.024008
1 1 1 1 0 2 0.8344236 0.9786862
1 1 0 1 2 0 0.06534848 1.00076
1 1 1 1 0 1 -0.2512456 0.9838221
0 1 1 1 0 2 0.8742304 0.966555
2 1 0 2 0 1 -0.4111436 1.035408
1 1 0 0 0 0 0.8773223 1.010793
0 1 0 2 2 3 -0.5599265 1.031024
0 0 1 2 0 3 0.9183814 0.9426312
0 1 0 0 0 3 -1.782148 0.9756933
0 1 0 2 0 3 -0.1313181 0.9405001
0 1 1 2 0 1 -0.2846665 0.9449251
0 1 0 2 0 2 -0.606212 0.9861054
0 1 0 2 0 1 -0.2843015 1.05718
1 1 1 1 0 3 0.1431032 1.089637
1 1 1 2 0 3 0.5021772 0.9676719
0 1 0 2 0 3 -0.01481952 1.048234
0 1 0 2 0 0 -0.476918 1.07502
0 1 0 2 0 3 -1.169613 0.9639442
0 1 1 2 0 2 1.42659 1.037269
0 0 1 1 0 3 0.6331654 1.080601
1 1 1 2 1 3 0.8761853 1.022575
0 1 1 2 0 3 -0.2092318 1.018042
1 1 0 2 0 3 -0.2302694 1.093323
0 1 0 1 0 2 -0.6036523 0.9009363
0 1 0 2 0 3 0.3784284 0.930731
3 0 1 2 0 2 0.2988165 1.086567
0 0 1 2 0 3 -0.04256146 1.090326
0 1 1 2 0 3 -0.1463792 0.9004962
0 1 0 2 0 3 -0.9729943 1.01606
0 1 0 2 0 3 0.4999967 1.000327
0 1 0 2 0 1 1.596499 0.9751767
0 1 1 2 0 3 -0.1698172 1.087966
0 1 0 2 0 3 -0.7208437 0.9319431
0 1 0 2 0 3 0.7501271 1.008254
0 1 1 2 1 3 -0.5200961 0.980219
0 1 0 2 0 3 -0.4174243 1.076474
0 0 1 2 0 2 -0.2947719 0.9189267
0 1 0 2 2 3 0.7661731 0.9326446
0 1 1 2 0 3 1.255085 0.935546
0 1 0 2 2 0 -0.7736295 0.9339637
0 1 0 0 0 3 -0.8412833 0.9296754
0 1 1 2 0 2 0.3971768 0.9991708
0 0 1 0 0 3 0.3163076 0.9198431
0 1 0 2 0 3 0.06790616 0.9619405
0 1 1 2 0 3 0.830884 0.9523797
0 1 1 1 0 2 -0.6474449 1.079213
0 1 0 2 0 2 -0.0707847 0.9961269
0 0 0 2 0 3 -0.8924787 1.087862
0 1 0 2 0 3 -0.74534 0.9818667
0 1 1 1 0 3 0.03635968 1.091599
0 1 1 0 0 3 -0.3144815 0.9553844
0 1 0 2 0 3 0.7113073 1.046913
0 1 1 2 2 3 -1.837264 1.041407
1 1 0 2 0 3 -0.6203723 1.074184
0 1 0 2 0 3 1.670841 0.984317
0 0 0 0 2 3 0.4646007 0.9840976
0 1 1 2 0 1 1.641924 0.9533111
0 0 1 2 0 3 0.8700229 1.035647
0 1 1 2 0 3 -2.710465 0.9623242
0 1 0 2 2 3 1.27872 1.024939
0 1 1 2 0 3 -0.2111859 1.091474
0 1 0 2 1 3 0.1435822 0.974028
0 0 0 2 0 3 1.949778 1.033589
0 1 0 2 0 3 0.814682 1.009303
0 1 1 2 0 1 0.3367909 0.9342013
0 0 0 1 1 3 -1.330825 0.9880687
0 0 0 2 0 3 0.764703 1.09586
0 1 0 2 0 3 -1.489496 0.9464374
0 0 1 2 0 3 -0.1445313 0.9410155
0 1 1 0 0 3 -0.08315498 0.9593236
0 1 1 2 1 3 1.091517 1.005204
0 0 0 0 0 3 0.6301959 0.9309979
1 1 0 2 0 3 1.150821 0.9647934
2 0 0 2 0 1 -0.6032414 1.05116
0 1 0 2 0 3 2.469533 1.051901
0 1 1 1 0 3 1.692624 0.9812131
0 0 0 2 1 2 1.504647 0.9041116
0 1 1 2 0 3 0.01484513 1.032015
1 1 0 2 0 3 -0.2108415 0.9564107
0 0 0 2 0 3 0.04134287 0.9930222
1 1 0 2 0 3 0.1517333 1.071388
0 1 0 0 0 3 0.5540587 0.959801
0 1 0 2 0 3 0.1655391 0.9402936
0 0 1 2 0 3 1.236822 0.9842633
1 1 0 2 0 3 0.1319132 0.9497283
0 0 0 2 0 3 0.9189236 1.070188
0 1 1 2 0 3 -0.5590372 0.9703938
0 1 0 2 0 3 0.4266135 1.055742
0 0 0 2 0 2 -0.4144855 0.929683
1 1 0 0 2 0 -0.7496293 0.9672253
0 1 0 2 0 0 1.86484 0.990171
0 1 0 2 0 3 1.192235 1.06873
0 1 1 2 2 3 1.117776 1.00439
0 1 0 2 0 2 0.009715131 1.049866
0 1 1 2 0 3 0.3898685 0.9012206
1 1 1 2 0 3 -0.1827309 0.9040201
0 -999 1 2 0 2 -0.4017779 1.083329
0 1 1 2 0 3 0.7215404 0.9856676
0 1 0 2 2 0 0.6896872 0.9188324
0 1 1 2 0 3 -0.7551547 0.9859286
0 1 1 2 0 2 -0.8646511 0.9690571
0 1 1 2 0 3 -1.224246 1.035325
0 0 0 0 0 2 0.06175564 0.9317785
1 1 1 2 0 3 0.8714555 0.9880541
0 0 1 2 0 1 0.02157402 1.074099
0 1 0 0 0 3 1.588544 0.9366192
0 1 0 1 0 3 1.178997 0.9332366
0 1 0 2 1 3 -0.9379273 0.9450933
0 0 0 2 0 2 0.7144504 0.9969138
0 1 0 2 0 3 1.935085 0.9571798
0 1 0 2 0 3 0.4630603 1.084801
0 0 0 0 0 3 0.5641823 0.9000812
0 1 1 2 0 3 0.5323992 1.061278
0 1 1 2 0 3 0.3415537 1.059033
0 1 0 0 0 3 -0.466508 1.072336
0 1 1 2 0 3 -2.196511 0.9029039
0 1 1 0 0 3 0.5118561 0.9704125
0 1 1 2 2 3 1.220691 1.03744
0 1 0 2 0 2 -0.4893895 0.9226787
0 1 0 2 0 3 -0.5201388 1.099211
0 1 0 2 0 3 2.191097 1.016898
0 1 1 2 0 3 0.3565248 1.04627
0 1 1 2 0 2 -0.4426318 1.093163
0 0 0 2 0 3 -0.1382045 0.9173745
0 1 1 2 0 1 -1.022818 0.9412665
0 1 1 2 1 3 0.169314 0.9716389
0 1 1 2 0 3 -2.19324 1.035266
0 1 0 1 1 0 -0.5981588 0.9191064
0 1 1 2 0 3 1.009548 1.025657
0 1 1 2 0 0 1.230965 1.072799
0 0 1 2 0 3 -0.7872092 0.9868497
1 0 1 2 0 3 0.3950169 0.9710361
0 1 0 2 0 3 -0.1114653 0.9176833
0 1 1 2 0 3 0.778961 0.9848731
0 1 1 2 0 3 -1.851163 1.0509
1 1 0 2 1 3 -1.571236 0.9929033
0 1 1 2 0 3 1.438418 1.034191
0 1 0 2 0 3 -1.646943 0.9559057
0 1 1 0 0 3 1.839472 1.000734
0 1 0 2 0 3 0.3015621 1.08609
0 0 0 0 0 3 -2.527021 1.014066
0 1 1 2 0 3 0.5275019 1.095381
0 1 1 2 0 3 0.5177809 1.07449
0 1 1 2 1 3 -2.288083 0.9930391
0 1 0 1 1 2 -1.973782 1.098391
0 1 0 2 0 3 0.7823605 1.012156
0 1 0 2 0 3 1.851553 0.9214383
0 1 1 2 0 3 -0.3365449 0.997801
0 1 1 2 0 3 0.06988516 1.086752
0 1 1 2 0 3 -0.1687219 1.053841
1 1 0 2 0 3 0.3086731 0.9284482
0 0 0 2 0 3 -2.044321 1.091727
0 1 0 0 0 2 -0.85779 0.9347213
0 1 1 2 1 0 1.095512 1.027738
0 1 0 2 0 3 0.5328134 1.055436
0 1 1 2 0 1 0.8536699 1.064794
